{
 "cells": [
  {
   "cell_type": "code",
   "execution_count": 1,
   "metadata": {},
   "outputs": [],
   "source": [
    "%matplotlib inline\n",
    "from __future__ import division, print_function"
   ]
  },
  {
   "cell_type": "markdown",
   "metadata": {},
   "source": [
    "Let's try desining my own Second Order Kalman Filter for vehicle tracking by start following the chapter 08. "
   ]
  },
  {
   "cell_type": "markdown",
   "metadata": {},
   "source": [
    "# Design Considerations\n",
    "\n",
    "## ~ Prediction Step ~\n",
    "\n",
    "### Design State Variables(x)\n",
    "\n",
    "A vector x of state variables. A pair of observed variables (x,y) and their hidden variables. \n",
    "\n",
    "$$\\mathbf x = \n",
    "\\begin{bmatrix}x & \\dot x & \\ddot x & y & \\dot y & \\ddot y\\end{bmatrix}^\\mathsf T$$\n",
    "\n",
    "### Design State Covariance(P)\n",
    "\n",
    "A state covariance matrix just need to have large enough values that will be updated as the filter sees more observations.\n",
    "\n",
    "$$\\mathbf P = \\begin{bmatrix}\n",
    "100 & 0 & 0 & 0 & 0 & 0\\\\ \n",
    "0 & 100 & 0 & 0 & 0 & 0 \\\\\n",
    "0 & 0 & 100 & 0 & 0 & 0 \\\\\n",
    "0 & 0 & 0 & 100 & 0 & 0 \\\\ \n",
    "0 & 0 & 0 & 0 & 100 & 0 \\\\\n",
    "0 & 0 & 0 & 0 & 0 & 100 \\\\\n",
    "\\end{bmatrix}$$\n",
    "\n",
    "### Design Process Model(F)\n",
    "\n",
    "Equations of x.\n",
    "\n",
    "$$\\begin{aligned} x_t &= x_{t-1} + \\dot x_{t-1}\\Delta t + 0.5\\ddot x_{t-1} \\Delta t^2 \\\\\n",
    " \\dot x_t &= \\dot x_{t-1} + \\ddot x_{t-1}\\Delta t \\\\\n",
    " \\ddot x_t &= \\ddot x_{t-1}\\end{aligned}$$\n",
    " \n",
    "Equatinos of y.\n",
    " \n",
    "$$\\begin{aligned} y_t &= y_{t-1} + \\dot y_{t-1}\\Delta t + 0.5\\ddot y_{t-1} \\Delta t^2 \\\\\n",
    " \\dot y_t &= \\dot y_{t-1} + \\ddot y_{t-1}\\Delta t \\\\\n",
    " \\ddot y_t &= \\ddot y_{t-1}\\end{aligned}$$\n",
    " \n",
    "In video, another factor, distortion, should be considered. The system could take this into account as a measurement function H, but may be not. The effects of distortion can be seen as another accelaration. At first, let's assume this effect is seen as an additional speed.\n",
    "\n",
    "$$\\begin{aligned}\\dot x_t &= \\dot x_{t-1}*distortion_x + \\ddot x_{t-1}\\Delta t\\end{aligned}$$\n",
    "$$\\begin{aligned}\\dot y_t &= \\dot y_{t-1}*distortion_y + \\ddot y_{t-1}\\Delta t\\end{aligned}$$\n",
    "\n",
    "When distortion factor is 1.05, a vehicle speed is increased by 5% more.\n",
    "\n",
    "The state transition function F has to meet the following.\n",
    "\n",
    "$$\\begin{bmatrix}x_t\\\\\\dot x_t\\\\\\ddot{x_t} \\\\y_t\\\\\\dot y_t\\\\\\ddot{y_t}\\end{bmatrix} = \\mathbf F\\begin{bmatrix}x_{t-1}\\\\\\dot x_{t-1}\\\\\\ddot{x}_{t-1} \\\\y_{t-1}\\\\\\dot y_{t-1}\\\\\\ddot{y}_{t-1}\\end{bmatrix}$$\n",
    "\n",
    "which is,\n",
    "\n",
    "$$\\mathbf F = \\begin{bmatrix}\n",
    "1 & \\Delta t &.5\\Delta t^2 & 0 & 0 & 0\\\\ \n",
    "0 & 1 & \\Delta t & 0 & 0 & 0 \\\\\n",
    "0 & 0 & 1 & 0 & 0 & \\\\\n",
    "0 & 0 & 0 & 1 & \\Delta t &.5\\Delta t^2 \\\\ \n",
    "0 & 0 & 0 & 0 & 1 & \\Delta t\\\\\n",
    "0 & 0 & 0 & 0 & 0 & 1 \\\\\n",
    "\\end{bmatrix}$$\n",
    "\n",
    "### Design Process Noise(Q)\n",
    "\n",
    "White noise. Make this value smaller if predictions are more reliable than measurements.\n",
    "\n",
    "## ~ Update Step ~\n",
    "\n",
    "### Design Measurement Function(H)\n",
    "\n",
    "Finally, the measurement function.\n",
    "\n",
    "$$z = \\mathbf{Hx}$$\n",
    "\n",
    "Only a pair of positions (x,y) is measured.\n",
    "\n",
    "$$\\mathbf H = \\begin{bmatrix}1 & 0 & 0 & 0 & 0 & 0\\\\\n",
    "0 & 0 & 0 & 1 & 0 & 0\\end{bmatrix}$$\n",
    "\n",
    "### Design Measurement Noise(R)\n",
    "\n",
    "Make this value smaller if measurements are more reliable than predictions."
   ]
  },
  {
   "cell_type": "code",
   "execution_count": 2,
   "metadata": {},
   "outputs": [],
   "source": [
    "import numpy as np\n",
    "from scipy.linalg import block_diag\n",
    "from filterpy.kalman import KalmanFilter\n",
    "from filterpy.common import Q_discrete_white_noise\n",
    "\n",
    "def VehicleFilter(R_std, Q, dt, P):\n",
    "    \"\"\" Create second order Kalman filter. \n",
    "    \n",
    "    R_std: float, a standard deviation of measurement error\n",
    "    Q    : float, a convariance of process noise\n",
    "    dt   : a time unit\n",
    "    P    : float, a maximum initial covariance\n",
    "    \"\"\"\n",
    "    \n",
    "    kf = KalmanFilter(dim_x=6, dim_z=2)\n",
    "    kf.x = np.array([[0, 0, 0, 0, 0, 0]]).T\n",
    "    kf.P = np.eye(6) * P\n",
    "    print('initialized P = \\n{}'.format(kf.P))\n",
    "    kf.R = np.eye(2) * R_std**2\n",
    "    print('initialized R = \\n{}'.format(kf.R))\n",
    "    q = Q_discrete_white_noise(3, dt, Q)\n",
    "    kf.Q = block_diag(q, q)\n",
    "    print('initialized Q = \\n{}'.format(kf.Q))\n",
    "    kf.F = np.array([[1., dt, .5*dt*dt, 0., 0., 0.],\n",
    "                     [0., 1.,       dt, 0., 0., 0.],\n",
    "                     [0., 0.,       1., 0., 0., 0.],\n",
    "                     [0., 0.,       0., 1., dt, .5*dt*dt],\n",
    "                     [ 0., 0.,      0., 0., 1., dt],\n",
    "                     [ 0., 0.,      0., 0., 0., 1]])\n",
    "    kf.H = np.array([[1., 0., 0., 0., 0., 0.],\n",
    "                     [0., 0., 0., 1., 0., 0.]])\n",
    "    print('no control function B: {}'.format(kf.B))\n",
    "    return kf"
   ]
  },
  {
   "cell_type": "code",
   "execution_count": 3,
   "metadata": {},
   "outputs": [],
   "source": [
    "from numpy.random import randn\n",
    "\n",
    "class PosSensor(object):\n",
    "    def __init__(self, pos=(0, 0), vel=(0, 0), accel=(0, 0), noise_std=.2, dist=(1., 1.)):\n",
    "        self.pos = [pos[0], pos[1]]\n",
    "        self.vel = [vel[0], vel[1]]\n",
    "        self.accel = accel\n",
    "        self.noise_std = noise_std\n",
    "        # distortion\n",
    "        self.dist = dist\n",
    "        \n",
    "    def read(self):\n",
    "        # accelaration is constant\n",
    "        # update velocity with the given distortion\n",
    "        self.vel[0] = self.vel[0] * self.dist[0] + self.accel[0]\n",
    "        self.vel[1] = self.vel[1] * self.dist[1] + self.accel[1]\n",
    "        \n",
    "        # update position\n",
    "        self.pos[0] += self.vel[0]\n",
    "        self.pos[1] += self.vel[1]\n",
    "        \n",
    "        return [self.pos[0] + randn() * self.noise_std,\n",
    "                self.pos[1] + randn() * self.noise_std]"
   ]
  },
  {
   "cell_type": "code",
   "execution_count": 4,
   "metadata": {},
   "outputs": [
    {
     "name": "stdout",
     "output_type": "stream",
     "text": [
      "initialized P = \n",
      "[[100.   0.   0.   0.   0.   0.]\n",
      " [  0. 100.   0.   0.   0.   0.]\n",
      " [  0.   0. 100.   0.   0.   0.]\n",
      " [  0.   0.   0. 100.   0.   0.]\n",
      " [  0.   0.   0.   0. 100.   0.]\n",
      " [  0.   0.   0.   0.   0. 100.]]\n",
      "initialized R = \n",
      "[[1. 0.]\n",
      " [0. 1.]]\n",
      "initialized Q = \n",
      "[[2.5e-05 5.0e-05 5.0e-05 0.0e+00 0.0e+00 0.0e+00]\n",
      " [5.0e-05 1.0e-04 1.0e-04 0.0e+00 0.0e+00 0.0e+00]\n",
      " [5.0e-05 1.0e-04 1.0e-04 0.0e+00 0.0e+00 0.0e+00]\n",
      " [0.0e+00 0.0e+00 0.0e+00 2.5e-05 5.0e-05 5.0e-05]\n",
      " [0.0e+00 0.0e+00 0.0e+00 5.0e-05 1.0e-04 1.0e-04]\n",
      " [0.0e+00 0.0e+00 0.0e+00 5.0e-05 1.0e-04 1.0e-04]]\n",
      "no control function B: 0.0\n",
      "==========================================\n",
      "z: \n",
      "[2.04517964 2.45926576]\n",
      "x: \n",
      "[[2.03613017]\n",
      " [1.35742041]\n",
      " [0.45247377]\n",
      " [2.44838406]\n",
      " [1.6322564 ]\n",
      " [0.54408583]]\n",
      "P: \n",
      "[[  0.99557522   0.66371696   0.22123913   0.           0.\n",
      "    0.        ]\n",
      " [  0.66371696 100.44252252  66.81421872   0.           0.\n",
      "    0.        ]\n",
      " [  0.22123913  66.81421872  88.9381322    0.           0.\n",
      "    0.        ]\n",
      " [  0.           0.           0.           0.99557522   0.66371696\n",
      "    0.22123913]\n",
      " [  0.           0.           0.           0.66371696 100.44252252\n",
      "   66.81421872]\n",
      " [  0.           0.           0.           0.22123913  66.81421872\n",
      "   88.9381322 ]]\n",
      "z: \n",
      "[1.01475641 2.4613786 ]\n",
      "x: \n",
      "[[ 1.02825149]\n",
      " [-1.51013852]\n",
      " [-1.0522899 ]\n",
      " [ 2.4711763 ]\n",
      " [-0.23406807]\n",
      " [-0.54840276]]\n",
      "P: \n",
      "[[ 0.99481961  1.27446953  0.57763751  0.          0.          0.        ]\n",
      " [ 1.27446953  9.46684673 13.64326942  0.          0.          0.        ]\n",
      " [ 0.57763751 13.64326942 24.52900722  0.          0.          0.        ]\n",
      " [ 0.          0.          0.          0.99481961  1.27446953  0.57763751]\n",
      " [ 0.          0.          0.          1.27446953  9.46684673 13.64326942]\n",
      " [ 0.          0.          0.          0.57763751 13.64326942 24.52900722]]\n",
      "z: \n",
      "[2.19746052 3.47098882]\n",
      "x: \n",
      "[[2.1041794 ]\n",
      " [1.54645643]\n",
      " [1.41830334]\n",
      " [3.42710303]\n",
      " [1.15062842]\n",
      " [0.61393255]]\n",
      "P: \n",
      "[[0.9708996  1.28182638 0.77073749 0.         0.         0.        ]\n",
      " [1.28182638 4.82007681 4.22261456 0.         0.         0.        ]\n",
      " [0.77073749 4.22261456 4.11576987 0.         0.         0.        ]\n",
      " [0.         0.         0.         0.9708996  1.28182638 0.77073749]\n",
      " [0.         0.         0.         1.28182638 4.82007681 4.22261456]\n",
      " [0.         0.         0.         0.77073749 4.22261456 4.11576987]]\n",
      "z: \n",
      "[4.72457991 6.04418497]\n",
      "x: \n",
      "[[4.70085658]\n",
      " [3.32688445]\n",
      " [1.58558333]\n",
      " [5.96878073]\n",
      " [2.91556892]\n",
      " [1.14562954]]\n",
      "P: \n",
      "[[0.93496759 0.99268703 0.45856217 0.         0.         0.        ]\n",
      " [0.99268703 2.22830723 1.33876333 0.         0.         0.        ]\n",
      " [0.45856217 1.33876333 0.8824164  0.         0.         0.        ]\n",
      " [0.         0.         0.         0.93496759 0.99268703 0.45856217]\n",
      " [0.         0.         0.         0.99268703 2.22830723 1.33876333]\n",
      " [0.         0.         0.         0.45856217 1.33876333 0.8824164 ]]\n",
      "z: \n",
      "[7.40807526 7.4626968 ]\n",
      "x: \n",
      "[[7.58103057]\n",
      " [3.85243167]\n",
      " [1.1984084 ]\n",
      " [7.70691921]\n",
      " [2.56436914]\n",
      " [0.59891722]]\n",
      "P: \n",
      "[[0.87755007 0.75049066 0.27411441 0.         0.         0.        ]\n",
      " [0.75049066 1.18862334 0.54124357 0.         0.         0.        ]\n",
      " [0.27411441 0.54124357 0.26888834 0.         0.         0.        ]\n",
      " [0.         0.         0.         0.87755007 0.75049066 0.27411441]\n",
      " [0.         0.         0.         0.75049066 1.18862334 0.54124357]\n",
      " [0.         0.         0.         0.27411441 0.54124357 0.26888834]]\n",
      "z: \n",
      "[ 8.24913281 11.56338284]\n",
      "x: \n",
      "[[ 8.94338976]\n",
      " [ 2.85727417]\n",
      " [ 0.53896693]\n",
      " [11.38123979]\n",
      " [ 3.73878335]\n",
      " [ 0.77192619]]\n",
      "P: \n",
      "[[0.81650567 0.57976646 0.17429248 0.         0.         0.        ]\n",
      " [0.57976646 0.70827572 0.2595395  0.         0.         0.        ]\n",
      " [0.17429248 0.2595395  0.10343626 0.         0.         0.        ]\n",
      " [0.         0.         0.         0.81650567 0.57976646 0.17429248]\n",
      " [0.         0.         0.         0.57976646 0.70827572 0.2595395 ]\n",
      " [0.         0.         0.         0.17429248 0.2595395  0.10343626]]\n",
      "z: \n",
      "[10.42908747 11.4335217 ]\n",
      "x: \n",
      "[[10.82509324]\n",
      " [ 2.64247896]\n",
      " [ 0.34666649]\n",
      " [12.41625208]\n",
      " [ 2.64016871]\n",
      " [ 0.29471221]]\n",
      "P: \n",
      "[[0.75868903 0.45931421 0.11718063 0.         0.         0.        ]\n",
      " [0.45931421 0.45662677 0.14003272 0.         0.         0.        ]\n",
      " [0.11718063 0.14003272 0.04663333 0.         0.         0.        ]\n",
      " [0.         0.         0.         0.75868903 0.45931421 0.11718063]\n",
      " [0.         0.         0.         0.45931421 0.45662677 0.14003272]\n",
      " [0.         0.         0.         0.11718063 0.14003272 0.04663333]]\n",
      "z: \n",
      "[11.40778968 14.23442343]\n",
      "x: \n",
      "[[12.06404009]\n",
      " [ 2.15797977]\n",
      " [ 0.16253573]\n",
      " [14.51928937]\n",
      " [ 2.57408757]\n",
      " [ 0.21478452]]\n",
      "P: \n",
      "[[0.7061279  0.37219999 0.08245464 0.         0.         0.        ]\n",
      " [0.37219999 0.31202035 0.08233417 0.         0.         0.        ]\n",
      " [0.08245464 0.08233417 0.0235982  0.         0.         0.        ]\n",
      " [0.         0.         0.         0.7061279  0.37219999 0.08245464]\n",
      " [0.         0.         0.         0.37219999 0.31202035 0.08233417]\n",
      " [0.         0.         0.         0.08245464 0.08233417 0.0235982 ]]\n",
      "z: \n",
      "[13.41999491 16.31838138]\n",
      "x: \n",
      "[[13.72112483]\n",
      " [ 2.04888869]\n",
      " [ 0.10934477]\n",
      " [16.61920277]\n",
      " [ 2.51752358]\n",
      " [ 0.16164806]]\n",
      "P: \n",
      "[[0.65908257 0.30751616 0.06021894 0.         0.         0.        ]\n",
      " [0.30751616 0.22299952 0.05171336 0.         0.         0.        ]\n",
      " [0.06021894 0.05171336 0.01306126 0.         0.         0.        ]\n",
      " [0.         0.         0.         0.65908257 0.30751616 0.06021894]\n",
      " [0.         0.         0.         0.30751616 0.22299952 0.05171336]\n",
      " [0.         0.         0.         0.06021894 0.05171336 0.01306126]]\n",
      "z: \n",
      "[14.79061043 19.82198215]\n",
      "x: \n",
      "[[15.18645349]\n",
      " [ 1.89108481]\n",
      " [ 0.06243225]\n",
      " [19.59060627]\n",
      " [ 2.83532382]\n",
      " [ 0.1890691 ]]\n",
      "P: \n",
      "[[0.617201   0.25834541 0.04536663 0.         0.         0.        ]\n",
      " [0.25834541 0.16523398 0.03425734 0.         0.         0.        ]\n",
      " [0.04536663 0.03425734 0.00778472 0.         0.         0.        ]\n",
      " [0.         0.         0.         0.617201   0.25834541 0.04536663]\n",
      " [0.         0.         0.         0.25834541 0.16523398 0.03425734]\n",
      " [0.         0.         0.         0.04536663 0.03425734 0.00778472]]\n",
      "z: \n",
      "[16.51634564 23.00730746]\n",
      "x: \n",
      "[[16.76518152]\n",
      " [ 1.82305878]\n",
      " [ 0.04163795]\n",
      " [22.8028136 ]\n",
      " [ 3.13160381]\n",
      " [ 0.2061579 ]]\n",
      "P: \n",
      "[[0.57995917 0.22021665 0.03510127 0.         0.         0.        ]\n",
      " [0.22021665 0.12617944 0.02373937 0.         0.         0.        ]\n",
      " [0.03510127 0.02373937 0.00495144 0.         0.         0.        ]\n",
      " [0.         0.         0.         0.57995917 0.22021665 0.03510127]\n",
      " [0.         0.         0.         0.22021665 0.12617944 0.02373937]\n",
      " [0.         0.         0.         0.03510127 0.02373937 0.00495144]]\n",
      "z: \n",
      "[18.08624334 25.68398393]\n",
      "x: \n",
      "[[18.32316805]\n",
      " [ 1.76527551]\n",
      " [ 0.02709874]\n",
      " [25.8441853 ]\n",
      " [ 3.27053607]\n",
      " [ 0.19632692]]\n",
      "P: \n",
      "[[0.54682959 0.19016487 0.02780942 0.         0.         0.        ]\n",
      " [0.19016487 0.09891032 0.01712108 0.         0.         0.        ]\n",
      " [0.02780942 0.01712108 0.00334488 0.         0.         0.        ]\n",
      " [0.         0.         0.         0.54682959 0.19016487 0.02780942]\n",
      " [0.         0.         0.         0.19016487 0.09891032 0.01712108]\n",
      " [0.         0.         0.         0.02780942 0.01712108 0.00334488]]\n",
      "z: \n",
      "[22.58912669 30.23213803]\n",
      "x: \n",
      "[[21.38869224]\n",
      " [ 2.20567023]\n",
      " [ 0.08310254]\n",
      " [29.74018755]\n",
      " [ 3.63623596]\n",
      " [ 0.21927786]]\n",
      "P: \n",
      "[[0.51734222 0.1661736  0.0225174  0.         0.         0.        ]\n",
      " [0.1661736  0.07938567 0.01281347 0.         0.         0.        ]\n",
      " [0.0225174  0.01281347 0.00239437 0.         0.         0.        ]\n",
      " [0.         0.         0.         0.51734222 0.1661736  0.0225174 ]\n",
      " [0.         0.         0.         0.1661736  0.07938567 0.01281347]\n",
      " [0.         0.         0.         0.0225174  0.01281347 0.00239437]]\n",
      "z: \n",
      "[25.35127195 34.04475085]\n",
      "x: \n",
      "[[24.47832925]\n",
      " [ 2.5406552 ]\n",
      " [ 0.11503308]\n",
      " [33.76043532]\n",
      " [ 3.93755138]\n",
      " [ 0.22967757]]\n",
      "P: \n",
      "[[0.4911018  0.14683955 0.01861451 0.         0.         0.        ]\n",
      " [0.14683955 0.0651373  0.00993674 0.         0.         0.        ]\n",
      " [0.01861451 0.00993674 0.00181349 0.         0.         0.        ]\n",
      " [0.         0.         0.         0.4911018  0.14683955 0.01861451]\n",
      " [0.         0.         0.         0.14683955 0.0651373  0.00993674]\n",
      " [0.         0.         0.         0.01861451 0.00993674 0.00181349]]\n",
      "z: \n",
      "[24.94919931 38.6411347 ]\n",
      "x: \n",
      "[[26.0813764 ]\n",
      " [ 2.37665961]\n",
      " [ 0.08162482]\n",
      " [38.20029797]\n",
      " [ 4.27587458]\n",
      " [ 0.24268577]]\n",
      "P: \n",
      "[[0.46778725 0.13116554 0.01570453 0.         0.         0.        ]\n",
      " [0.13116554 0.05459809 0.00797979 0.         0.         0.        ]\n",
      " [0.01570453 0.00797979 0.00145008 0.         0.         0.        ]\n",
      " [0.         0.         0.         0.46778725 0.13116554 0.01570453]\n",
      " [0.         0.         0.         0.13116554 0.05459809 0.00797979]\n",
      " [0.         0.         0.         0.01570453 0.00797979 0.00145008]]\n",
      "z: \n",
      "[30.42921997 41.58688658]\n",
      "x: \n",
      "[[29.36200188]\n",
      " [ 2.6868963 ]\n",
      " [ 0.10772829]\n",
      " [42.14561912]\n",
      " [ 4.39887263]\n",
      " [ 0.22901953]]\n",
      "P: \n",
      "[[0.44714369 0.11842895 0.01352251 0.         0.         0.        ]\n",
      " [0.11842895 0.04673875 0.00663318 0.         0.         0.        ]\n",
      " [0.01352251 0.00663318 0.00121933 0.         0.         0.        ]\n",
      " [0.         0.         0.         0.44714369 0.11842895 0.01352251]\n",
      " [0.         0.         0.         0.11842895 0.04673875 0.00663318]\n",
      " [0.         0.         0.         0.01352251 0.00663318 0.00121933]]\n",
      "z: \n",
      "[33.10395877 47.86049068]\n",
      "x: \n",
      "[[32.532247  ]\n",
      " [ 2.90284943]\n",
      " [ 0.11962867]\n",
      " [47.17440605]\n",
      " [ 4.75776775]\n",
      " [ 0.24330063]]\n",
      "P: \n",
      "[[0.42897143 0.10809551 0.01188616 0.         0.         0.        ]\n",
      " [0.10809551 0.040862   0.00570246 0.         0.         0.        ]\n",
      " [0.01188616 0.00570246 0.00107191 0.         0.         0.        ]\n",
      " [0.         0.         0.         0.42897143 0.10809551 0.01188616]\n",
      " [0.         0.         0.         0.10809551 0.040862   0.00570246]\n",
      " [0.         0.         0.         0.01188616 0.00570246 0.00107191]]\n",
      "z: \n",
      "[36.22720374 53.17838745]\n",
      "x: \n",
      "[[35.79743064]\n",
      " [ 3.09553236]\n",
      " [ 0.12743962]\n",
      " [52.51839605]\n",
      " [ 5.1132559 ]\n",
      " [ 0.25529569]]\n",
      "P: \n",
      "[[0.41311318 0.09976097 0.01066642 0.         0.         0.        ]\n",
      " [0.09976097 0.03648113 0.00506126 0.         0.         0.        ]\n",
      " [0.01066642 0.00506126 0.00097806 0.         0.         0.        ]\n",
      " [0.         0.         0.         0.41311318 0.09976097 0.01066642]\n",
      " [0.         0.         0.         0.09976097 0.03648113 0.00506126]\n",
      " [0.         0.         0.         0.01066642 0.00506126 0.00097806]]\n",
      "z: \n",
      "[37.17027623 59.03971187]\n",
      "x: \n",
      "[[38.24311999]\n",
      " [ 3.05663888]\n",
      " [ 0.10998798]\n",
      " [58.270748  ]\n",
      " [ 5.48777132]\n",
      " [ 0.26780421]]\n",
      "P: \n",
      "[[0.39944032 0.09311044 0.00976913 0.         0.         0.        ]\n",
      " [0.09311044 0.03324592 0.00462472 0.         0.         0.        ]\n",
      " [0.00976913 0.00462472 0.00091914 0.         0.         0.        ]\n",
      " [0.         0.         0.         0.39944032 0.09311044 0.00976913]\n",
      " [0.         0.         0.         0.09311044 0.03324592 0.00462472]\n",
      " [0.         0.         0.         0.00976913 0.00462472 0.00091914]]\n",
      "z: \n",
      "[40.3466219  63.72284892]\n",
      "x: \n",
      "[[40.9637609 ]\n",
      " [ 3.07802289]\n",
      " [ 0.1007905 ]\n",
      " [63.82665469]\n",
      " [ 5.74067192]\n",
      " [ 0.26625715]]\n",
      "P: \n",
      "[[0.38783846 0.08788934 0.0091233  0.         0.         0.        ]\n",
      " [0.08788934 0.03089604 0.00433401 0.         0.         0.        ]\n",
      " [0.0091233  0.00433401 0.00088318 0.         0.         0.        ]\n",
      " [0.         0.         0.         0.38783846 0.08788934 0.0091233 ]\n",
      " [0.         0.         0.         0.08788934 0.03089604 0.00433401]\n",
      " [0.         0.         0.         0.0091233  0.00433401 0.00088318]]\n"
     ]
    }
   ],
   "source": [
    "from filterpy.stats import plot_covariance_ellipse\n",
    "from kf_book.book_plots import plot_filter\n",
    "\n",
    "R_std = 1.\n",
    "Q = .0001\n",
    "dt = 1\n",
    "P = 100\n",
    "\n",
    "# simulate vehicle movement with no distortion\n",
    "N =20\n",
    "sensor = PosSensor(pos=(0, 0), vel=(1., 1.), accel=(0.1, 0.1), noise_std=R_std, dist=(1., 1.05))\n",
    "\n",
    "zs = np.array([sensor.read() for _ in range(N)])\n",
    "\n",
    "# create a filter\n",
    "vehicle_tracker = VehicleFilter(R_std, Q, dt, P)\n",
    "# run filter\n",
    "mu, cov, _, _ = vehicle_tracker.batch_filter(zs)\n",
    "\n",
    "print('==========================================')\n",
    "\n",
    "for z, x, P in zip(zs, mu, cov):\n",
    "    print('z: \\n{}'.format(z))\n",
    "    print('x: \\n{}'.format(x))\n",
    "    print('P: \\n{}'.format(P))"
   ]
  },
  {
   "cell_type": "code",
   "execution_count": 5,
   "metadata": {},
   "outputs": [
    {
     "data": {
